[gd_scene load_steps=10 format=3 uid="uid://hq8g2an6rmsr"]

[ext_resource type="PackedScene" uid="uid://dnx2pujjh3eb5" path="res://ray_picker_camera/ray_picker_camera.tscn" id="1_3o4py"]
[ext_resource type="MeshLibrary" uid="uid://dvs0gdvrs5pki" path="res://mesh_libraries/space_library.tres" id="1_bo3yr"]
[ext_resource type="PackedScene" uid="uid://bw5ajdmac0ww5" path="res://enemy/enemy.tscn" id="2_5vx1e"]
[ext_resource type="PackedScene" uid="uid://44fsdf5arnu4" path="res://base/base.tscn" id="3_eesb3"]

[sub_resource type="ProceduralSkyMaterial" id="ProceduralSkyMaterial_4sal3"]
sky_horizon_color = Color(0.662243, 0.671743, 0.686743, 1)
ground_horizon_color = Color(0.662243, 0.671743, 0.686743, 1)

[sub_resource type="Sky" id="Sky_bo3yr"]
sky_material = SubResource("ProceduralSkyMaterial_4sal3")

[sub_resource type="Environment" id="Environment_5vx1e"]
background_mode = 2
sky = SubResource("Sky_bo3yr")
tonemap_mode = 2
glow_enabled = true

[sub_resource type="StandardMaterial3D" id="StandardMaterial3D_bo3yr"]
albedo_color = Color(0.266575, 0.266575, 0.266575, 1)

[sub_resource type="Curve3D" id="Curve3D_bo3yr"]
_data = {
"points": PackedVector3Array(-0.408786, 0.0547562, 0.430041, 0, 0, 0, -22, 0, 6, -0.408786, 0.0547562, 0.430041, 0.408786, -0.0547562, -0.430041, 14, 0, 6, 0.443992, -0.0467072, 0.222518, -0.443992, 0.0467072, -0.222518, 14, 0, -2, 0.41045, -0.015377, 0.341668, -0.41045, 0.015377, -0.341668, -10, 0, -2, 0, 0, 0, 0, 0, 0, -10, 0, -6),
"tilts": PackedFloat32Array(0, 0, 0, 0, 0)
}
point_count = 5

[node name="BaseLevel" type="Node3D"]

[node name="WorldEnvironment" type="WorldEnvironment" parent="."]
environment = SubResource("Environment_5vx1e")

[node name="DirectionalLight3D" type="DirectionalLight3D" parent="."]
transform = Transform3D(-0.866025, -0.433013, 0.25, 0, 0.5, 0.866025, -0.5, 0.75, -0.433013, 0, 0, 0)
shadow_enabled = true

[node name="CSGBox3D" type="CSGBox3D" parent="."]
transform = Transform3D(1, 0, 0, 0, 1, 0, 0, 0, 1, 0, -1, 0)
size = Vector3(100, 2, 100)
material = SubResource("StandardMaterial3D_bo3yr")

[node name="RayPickerCamera" parent="." node_paths=PackedStringArray("GridMap") instance=ExtResource("1_3o4py")]
transform = Transform3D(1, 0, 0, 0, 0.422618, 0.906308, 0, -0.906308, 0.422618, 0, 14.5, 9.5)
GridMap = NodePath("../GridMap")

[node name="GridMap" type="GridMap" parent="."]
mesh_library = ExtResource("1_bo3yr")
cell_size = Vector3(4, 4, 4)
cell_center_y = false
data = {
"cells": PackedInt32Array(65531, 65535, 0, 4, 65535, 0, 65535, 65534, 0, 65535, 2, 0, 65531, 65534, 0, 65532, 65534, 0, 3, 2, 0, 4, 2, 0, 4, 1, 0, 4, 0, 0, 4, 65534, 0, 3, 65534, 0, 2, 65534, 0, 1, 65534, 0, 0, 65534, 0, 65534, 65534, 0, 65531, 0, 0, 65531, 2, 0, 65532, 2, 0, 65533, 2, 0, 65534, 2, 0, 0, 2, 0, 1, 2, 0, 2, 2, 0, 65532, 65535, 0, 65532, 0, 0, 65533, 0, 0, 65534, 0, 0, 65535, 0, 0, 0, 0, 0, 1, 0, 0, 2, 0, 0)
}

[node name="Path3D" type="Path3D" parent="."]
curve = SubResource("Curve3D_bo3yr")

[node name="Road" type="CSGPolygon3D" parent="Path3D"]
polygon = PackedVector2Array(-1, 0, -1, 0.1, 1, 0.1, 1, 0)
mode = 2
path_node = NodePath("..")
path_interval_type = 0
path_interval = 0.5
path_simplify_angle = 0.0
path_rotation = 2
path_rotation_accurate = false
path_local = false
path_continuous_u = true
path_u_distance = 1.0
path_joined = false

[node name="LeftEdge" type="CSGPolygon3D" parent="Path3D"]
polygon = PackedVector2Array(-1.1, 0, -1.1, 0.15, -0.9, 0.15, -0.9, 0)
mode = 2
path_node = NodePath("..")
path_interval_type = 0
path_interval = 0.5
path_simplify_angle = 0.0
path_rotation = 2
path_rotation_accurate = false
path_local = false
path_continuous_u = true
path_u_distance = 1.0
path_joined = false

[node name="RightEdge" type="CSGPolygon3D" parent="Path3D"]
polygon = PackedVector2Array(0.9, 0, 0.9, 0.15, 1.1, 0.15, 1.1, 0)
mode = 2
path_node = NodePath("..")
path_interval_type = 0
path_interval = 0.5
path_simplify_angle = 0.0
path_rotation = 2
path_rotation_accurate = false
path_local = false
path_continuous_u = true
path_u_distance = 1.0
path_joined = false

[node name="Enemy" parent="Path3D" instance=ExtResource("2_5vx1e")]
transform = Transform3D(-4.37111e-08, 0, -0.999993, 0, 0.999993, 0, 0.999993, 0, -4.37111e-08, -22, 0, 6)

[node name="Enemy2" parent="Path3D" instance=ExtResource("2_5vx1e")]
transform = Transform3D(-0.0102026, -0.00129906, -0.99994, -6.62474e-06, 0.999992, -0.00129906, 0.999941, -6.62942e-06, -0.0102026, -17.0005, 0.00696772, 6.05472)
progress = 5.0

[node name="Enemy3" parent="Path3D" instance=ExtResource("2_5vx1e")]
transform = Transform3D(-0.00881563, -0.00112247, -0.999953, -4.94081e-06, 0.999992, -0.00112247, 0.999954, -4.95472e-06, -0.00881562, -12.0006, 0.0130283, 6.10232)
progress = 10.0

[node name="Enemy4" parent="Path3D" instance=ExtResource("2_5vx1e")]
transform = Transform3D(-0.00717108, -0.000913079, -0.999967, -3.2727e-06, 0.999993, -0.000913079, 0.999967, -3.27519e-06, -0.00717108, -7.0007, 0.0181381, 6.14245)
progress = 15.0

[node name="Enemy5" parent="Path3D" instance=ExtResource("2_5vx1e")]
transform = Transform3D(-0.00495266, -0.000630617, -0.999981, -1.5603e-06, 0.999993, -0.000630617, 0.999981, -1.56297e-06, -0.00495266, -2.00078, 0.0220396, 6.17309)
progress = 20.0

[node name="Base" parent="." instance=ExtResource("3_eesb3")]
transform = Transform3D(1, 0, 0, 0, 1, 0, 0, 0, 1, -10, 0, -6)
